[gd_scene load_steps=3 format=2]

[ext_resource path="res://_MyContent/Scenes/Target.tscn" type="PackedScene" id=1]
[ext_resource path="res://_MyContent/Scenes/Target Group.gd" type="Script" id=2]

[node name="Target_Group" type="Spatial"]
transform = Transform( 0.400869, 0, 0, 0, 0.400869, 0, 0, 0, 0.400869, 0, 0, 0 )
script = ExtResource( 2 )

[node name="Targets" type="Spatial" parent="."]

[node name="0" parent="Targets" instance=ExtResource( 1 )]
transform = Transform( 1, 0, 1.74846e-07, 0, 1, 0, -1.74846e-07, 0, 1, -2.38419e-07, 0, 1.43051e-06 )

[node name="1" parent="Targets" instance=ExtResource( 1 )]
transform = Transform( 0.707107, 0, 0.707107, 0, 1, 0, -0.707107, 0, 0.707107, -15.991, 0, 5.13335 )
target_number = 1

[node name="2" parent="Targets" instance=ExtResource( 1 )]
transform = Transform( 0.707107, 0, -0.707107, 0, 1, 0, 0.707107, 0, 0.707107, 15.009, 0, 8.05638 )
target_number = 2

[node name="3" parent="Targets" instance=ExtResource( 1 )]
transform = Transform( 2.23033e-07, 0, -1, 0, 1, 0, 1, 0, 2.23033e-07, 21.8255, 0, 22.9096 )
target_number = 3

[node name="4" parent="Targets" instance=ExtResource( 1 )]
transform = Transform( -3.10456e-07, 0, 1, 0, 1, 0, -1, 0, -3.10456e-07, -22.5127, 0, 22.9096 )
target_number = 4

[node name="5" parent="Targets" instance=ExtResource( 1 )]
transform = Transform( -0.707107, 0, 0.707107, 0, 1, 0, -0.707107, 0, -0.707107, -18.2011, 0, 38.0367 )
target_number = 5

[node name="6" parent="Targets" instance=ExtResource( 1 )]
transform = Transform( -0.707107, 0, -0.707107, 0, 1, 0, 0.707107, 0, -0.707107, 18.6261, 0, 38.0367 )
target_number = 6

[node name="7" parent="Targets" instance=ExtResource( 1 )]
transform = Transform( 0.827855, 0, 0.560943, 0, 1, 0, -0.560943, 0, 0.827855, -8.06397, 8.67028, 1.48689e-06 )
target_number = 7

[node name="8" parent="Targets" instance=ExtResource( 1 )]
transform = Transform( 0.926339, 0, -0.376693, 0, 1, 0, 0.376693, 0, 0.926338, 10.3635, 8.67028, 1.48689e-06 )
target_number = 8

[node name="9" parent="Targets" instance=ExtResource( 1 )]
transform = Transform( 1, 0, 1.74846e-07, 0, 1, 0, -1.74846e-07, 0, 1, 0.838615, 15.7475, 1.43051e-06 )
target_number = 9

[node name="Flipping Timer" type="Timer" parent="."]

[connection signal="timeout" from="Flipping Timer" to="." method="_on_Flipping_Timer_timeout"]
